Big1 Start
11111111111111111111111111111111111111111111111111
22222222222222222222222222222222222222222222222222
11111111111111111111111111111111111111111111111111
22222222222222222222222222222222222222222222222222
11111111111111111111111111111111111111111111111111
22222222222222222222222222222222222222222222222222
11111111111111111111111111111111111111111111111111
22222222222222222222222222222222222222222222222222
11111111111111111111111111111111111111111111111111
22222222222222222222222222222222222222222222222222
11111111111111111111111111111111111111111111111111
22222222222222222222222222222222222222222222222222
11111111111111111111111111111111111111111111111111
22222222222222222222222222222222222222222222222222
11111111111111111111111111111111111111111111111111
22222222222222222222222222222222222222222222222222
11111111111111111111111111111111111111111111111111
22222222222222222222222222222222222222222222222222
11111111111111111111111111111111111111111111111111
22222222222222222222222222222222222222222222222222
11111111111111111111111111111111111111111111111111
22222222222222222222222222222222222222222222222222
11111111111111111111111111111111111111111111111111
22222222222222222222222222222222222222222222222222
11111111111111111111111111111111111111111111111111
22222222222222222222222222222222222222222222222222
11111111111111111111111111111111111111111111111111
22222222222222222222222222222222222222222222222222
11111111111111111111111111111111111111111111111111
22222222222222222222222222222222222222222222222222
11111111111111111111111111111111111111111111111111
22222222222222222222222222222222222222222222222222
Big1 End

